[10, 10]-41
[10, 11]-93
[10, 12]-90
[10, 13]-24
[10, 14]-70
[10, 15]-39
[10, 16]-47
[10, 17]-35
[10, 18]-83
[11, 10]-38
[11, 11]-66
[11, 12]-45
[11, 13]-11
[11, 14]-53
[11, 15]-35
[11, 16]-88
[11, 17]-75
[11, 18]-21
[12, 10]-56
[12, 11]-81
[12, 12]-34
[12, 13]-76
[12, 14]-53
[12, 15]-44
[12, 16]-70
[12, 17]-38
[12, 18]-32
[13, 10]-86
[13, 11]-13
[13, 12]-23
[13, 13]-93
[13, 14]-68
[13, 15]-26
[13, 16]-53
[13, 17]-52
[13, 18]-29
[14, 10]-76
[14, 11]-60
[14, 12]-43
[14, 13]-82
[14, 14]-40
[14, 15]-72
[14, 16]-48
[14, 17]-29
[14, 18]-75
[15, 10]-16
[15, 11]-49
[15, 12]-36
[15, 13]-53
[15, 14]-18
[15, 15]-47
[15, 16]-27
[15, 17]-98
[15, 18]-78
[16, 10]-68
[16, 11]-63
[16, 12]-33
[16, 13]-92
[16, 14]-27
[16, 15]-48
[16, 16]-13
[16, 17]-15
[16, 18]-37
[17, 10]-47
[17, 11]-3
[17, 12]-8
[17, 13]-17
[17, 14]-62
[17, 15]-62
[17, 16]-14
[17, 17]-35
[17, 18]-84
[18, 10]-7
[18, 11]-23
[18, 12]-63
[18, 13]-24
[18, 14]-37
[18, 15]-18
[18, 16]-44
[18, 17]-6
[18, 18]-18


