[10, 10]-36
[10, 11]-32
[10, 12]-38
[10, 13]-64
[10, 14]-9
[10, 15]-62
[10, 16]-56
[10, 17]-41
[10, 18]-56
[11, 10]-24
[11, 11]-65
[11, 12]-27
[11, 13]-27
[11, 14]-85
[11, 15]-83
[11, 16]-6
[11, 17]-38
[11, 18]-82
[12, 10]-72
[12, 11]-42
[12, 12]-17
[12, 13]-15
[12, 14]-79
[12, 15]-11
[12, 16]-10
[12, 17]-47
[12, 18]-39
[13, 10]-53
[13, 11]-86
[13, 12]-33
[13, 13]-13
[13, 14]-15
[13, 15]-59
[13, 16]-16
[13, 17]-39
[13, 18]-38
[14, 10]-15
[14, 11]-54
[14, 12]-58
[14, 13]-84
[14, 14]-47
[14, 15]-78
[14, 16]-68
[14, 17]-69
[14, 18]-25
[15, 10]-52
[15, 11]-36
[15, 12]-35
[15, 13]-40
[15, 14]-65
[15, 15]-40
[15, 16]-83
[15, 17]-50
[15, 18]-23
[16, 10]-27
[16, 11]-59
[16, 12]-42
[16, 13]-42
[16, 14]-63
[16, 15]-51
[16, 16]-5
[16, 17]-90
[16, 18]-83
[17, 10]-36
[17, 11]-53
[17, 12]-63
[17, 13]-77
[17, 14]-78
[17, 15]-50
[17, 16]-86
[17, 17]-24
[17, 18]-33
[18, 10]-70
[18, 11]-32
[18, 12]-71
[18, 13]-18
[18, 14]-29
[18, 15]-73
[18, 16]-40
[18, 17]-80
[18, 18]-78

